-1.716493515899241221e-02 -2.390628183117526027e-03 5.906353571517829550e+02
-4.990157692260923511e-02 7.226328996255551584e-02 1.091069161831008159e+03
-2.000955945593259899e-01 5.304329757519681693e-02 2.460813096916993800e+03
-2.040616012135662294e-01 1.465661335316512381e-01 2.675851546239638992e+03
-4.714013530673670516e-02 3.200547039152701334e-01 3.306714548576325797e+03
2.034285228716451455e-01 -3.413606050957933569e-01 4.031932265448304406e+03
2.976105771780025444e-01 3.320654369155698338e-01 4.945688636795138336e+03
-2.504309920332845746e-02 -2.148035627549860216e-01 1.979963233064598626e+03
-8.370472552198814087e-02 -2.881304274383639785e-01 2.987030361322727458e+03
2.091852344639349992e-01 -3.263165398505934456e-01 3.540619230898310434e+03
2.003050891132235611e-01 1.296918683862498256e-01 1.952752076345123669e+03
6.248434928538246225e-02 8.736055184749891289e-02 8.380691211342665383e+02
7.139322460279211302e-02 9.787917700590079151e-02 9.053309769881635702e+02
-3.626603443721781450e-01 1.131198206075517410e-01 2.861185950067761951e+03
4.092670808197674259e-01 -6.719059989519446385e-02 3.200747183420734927e+03
-5.460843869747612489e-01 -9.782773140352438168e-02 3.934990233940303369e+03
-3.292426312010179879e-02 1.041151012112498109e-01 6.919082283475748909e+02
-7.129000235289378873e-02 1.888974189714142660e-01 1.339374051961110581e+03
-4.237072658792039870e-01 7.350823619084531635e-02 2.788183770505121629e+03
1.384638671432873447e-01 -3.324591882611299676e-01 2.123594387937704141e+03
-2.093830254489388309e-01 -3.013498763636492939e-01 2.260154779831812448e+03
-4.077476058430801187e-01 2.142482052477342747e-01 2.693987112980384609e+03
-4.180505342988573014e-01 2.444083614726196840e-01 2.859315454353260066e+03
-1.468637149673681086e-01 -1.613589244025589453e-01 1.124218244766405633e+03
-2.302508955969178595e-01 1.304590714146207087e-01 1.339873169422232195e+03
3.182797296747744697e-01 5.608240830768870117e-02 1.799154677067651164e+03
4.625925844946447429e-01 -2.376626541301372908e-02 2.396666351420762112e+03
-5.179052882984673811e-01 8.198770862093901490e-02 2.802264172669481468e+03
1.768365273265568027e-01 -6.033197497972645484e-01 3.326963578132011662e+03
-6.936375785345685330e-01 -1.315956950523995417e-01 3.696678842674207772e+03
3.677682814572625324e-03 -3.041950035452860995e-02 1.474006845963365890e+02
-6.965959542146687999e-02 2.195374724502093255e-01 1.029325935889681432e+03
-2.723001025576993750e-01 1.474510239063149021e-02 1.329022256449546376e+03
2.882305584469013748e-01 1.706689648290778960e-01 1.595786908368372224e+03
5.776630932642365934e-01 -1.525508164800591648e-01 2.713786358146601287e+03
1.694148940216809451e-01 -5.811851722263413622e-01 2.853445281469473684e+03
8.473067612432785278e-01 7.842317672670523487e-02 4.226863197221278824e+03
-3.558686410430293712e-02 1.189289129521495653e-01 5.166393102430261024e+02
1.582227936978035931e-01 -4.550826466515266178e-02 6.571499665264976784e+02
-4.475908922744391283e-02 -2.626002326633364303e-01 1.158345972128554422e+03
4.521151274285867827e-01 -1.177203017373234656e-01 1.985961292768509338e+03
-1.699371772563416094e-01 4.520053996337312641e-01 2.122430888708036491e+03
5.369956830876920773e-01 2.600311470519977089e-02 2.338136875977776526e+03
-1.724706983305749619e-01 -6.255997399872060827e-01 2.781396678193979824e+03
-9.864722107211254531e-02 7.012402721933786998e-01 2.976843848551139672e+03
-3.298884896776240749e-01 -7.120516246710720809e-01 3.237147730574568868e+03
2.051124755965295574e-02 8.945877316282191405e-02 3.650242018870816310e+02
1.170254237882655118e-01 1.826950232184350043e-01 7.850885678681551099e+02
2.480232043845683743e-01 -2.377830244515164171e-01 1.366398894401456801e+03
5.886953111558508311e-01 3.547030158143112816e-02 2.222775541530022110e+03
-3.340177253248226008e-01 -5.337911466804056149e-01 2.506711569013141798e+03
-4.698836051215579124e-01 -6.009875435420257705e-01 2.740590671982472486e+03
1.078407260293996889e-01 7.596527941966918496e-01 2.937354462518733271e+03
6.408224799771485847e-01 -6.062757252256056884e-01 3.329449912715213941e+03
-2.698517857464544645e-01 9.945141709649005790e-01 3.756831012477544391e+03
-1.113256211031326687e-01 -1.193027793902365463e+00 4.299614910472565498e+03
5.794747669797766648e-02 -7.974794201030620255e-02 3.442646527078863983e+02
1.410633040129516125e-01 -1.122918302309772361e-02 4.512177692405477956e+02
2.307413307860503304e-01 -8.961051675023347374e-02 8.726142482264373257e+02
2.390654202162838943e-02 3.191347685786887212e-01 1.058526615831224490e+03
-3.462806545770791278e-01 -4.867556958488579444e-02 1.142606164402765899e+03
-4.153334228887231583e-01 2.486127524428461411e-01 1.570546622451172425e+03
-4.041655140224956755e-01 2.755080361354351748e-01 1.641478704814017419e+03
1.427661054806455276e-01 -5.993394178743041145e-01 1.955672300990745043e+03
-4.996017467666753475e-01 4.341060091836057011e-01 2.128044028415300090e+03
-4.565937058097811474e-01 -5.780392277006397572e-01 2.423757970241125349e+03
4.207035189859875679e-02 8.107769960193138559e-01 2.679460792555942589e+03
1.985173496888929801e-01 8.384946496268368410e-01 2.904423928638390862e+03
-9.459282935712907125e-01 1.567055951867084296e-01 3.355895785813034763e+03
-1.869141122644212005e-02 1.135735365669494762e-01 3.582157192113376709e+02
1.397390094501791136e-01 4.272426235037662945e-02 4.376027223240515696e+02
-3.058050132731527371e-01 1.246385535373604331e-01 9.397651493481772604e+02
-3.112552233095567944e-01 -9.661807950954401369e-02 1.014670863509453852e+03
3.306804195463640406e-02 -3.972595180008437477e-01 1.246771993231707029e+03
9.122312538085274036e-02 4.386492171930506667e-01 1.275672991137596227e+03
-1.219144218078275083e-01 -4.729396088732694126e-01 1.521093057262399043e+03
5.369276987809025181e-01 2.391358654314949816e-01 1.776824600789581382e+03
6.510097762163750135e-01 1.631092547901148992e-01 1.938466605021505984e+03
6.291724360888507617e-01 -3.096671302981114371e-01 2.062973282273203040e+03
5.931051901920455505e-01 6.028933522494911434e-01 2.396077453658896957e+03
6.138695910361292585e-01 -5.824831742981625426e-01 2.576766984004766073e+03
6.570255008280958542e-01 9.622191583797585768e-01 3.305727127004463455e+03
-7.041415115576713513e-01 1.048146059804197172e+00 3.609229743901250913e+03
-3.384274078231758742e-01 -1.662578817096627137e-01 9.653028685321032754e+02
4.126450026576418684e-01 -2.320814468999859714e-01 1.193798287572400568e+03
-2.550021580468251337e-01 3.933469731806727432e-01 1.264955120019339347e+03
-4.577117873196122066e-01 -3.918949663837685282e-01 1.553184139561918300e+03
3.939100223380518906e-01 5.429332227838324920e-01 1.741951273029003687e+03
-7.250644319739449339e-02 -6.510037331598390598e-01 1.811100647022416751e+03
6.242612165122229245e-02 -7.836779889689891032e-01 2.158367095863336090e+03
-3.770824455389413243e-01 -7.879340812306239172e-01 2.455942169549755363e+03
9.589109737823263702e-01 1.299516253660434328e-01 2.700131481164088655e+03
1.022636409972691895e+00 6.290789931778859589e-01 3.151945989396281675e+03
-1.231217963440061958e+00 7.985198271184895669e-01 3.877264355284228714e+03
1.573762987705148220e+00 -3.281177126160198521e-01 4.456500338871344866e+03
7.246649835408154605e-02 -9.395935238313559215e-03 1.651335468287458923e+02
-6.312545071444429501e-02 -5.269778607048972163e-02 2.001425704886916890e+02
1.096698601574317838e-01 -6.239257391283473814e-02 3.168718239320633643e+02
-1.453581815795954024e-01 -2.569889347585627704e-01 7.337800063098806049e+02
-1.307254511482186521e-01 -3.392686407277285543e-01 8.462265111776915774e+02
-1.938726211005854239e-01 -4.297582988027228712e-01 1.110583216754338082e+03
-2.194604640259179007e-01 -4.070492050333767708e-01 1.131162696418005908e+03
4.428802968957051278e-01 -3.455513051228389920e-01 1.384165018209818072e+03
-1.019832077686365773e-01 -6.253568870827266313e-01 1.465072323396544562e+03
7.463802081767012542e-02 6.551831225953455018e-01 1.636082097253261054e+03
-4.021653553985828355e-01 -7.555659118144748554e-01 1.973518599534903160e+03
-8.238566378691529746e-01 -3.489963146537840566e-01 2.074313156242536934e+03
-8.548955060591084676e-01 -5.344773333810467486e-01 2.399898077693390405e+03
2.348160963309426918e-01 1.087521657552263266e+00 2.610984146319694446e+03
9.948418407547273690e-01 -8.049636715298007505e-01 3.149892633608548749e+03
-1.191598124396395342e+00 -5.817648883949865235e-01 3.236290566195601059e+03
1.145482396660611801e+00 -1.143780286533920831e+00 3.771947310158217533e+03
-5.027715322323705882e-02 1.845923905123835751e-01 4.025466521212371163e+02
8.587656064470018669e-02 2.475939141333419746e-01 5.610836747613147963e+02
-1.752152382712537648e-01 -2.415564294855892524e-01 6.557086272595181526e+02
2.406266267790988234e-01 2.740512510376570399e-01 7.474048997870862650e+02
5.825196336816652887e-02 3.957070956972161269e-01 8.655062751799350735e+02
2.115250028071401778e-01 -3.996034789583073898e-01 9.400449501893451725e+02
-3.079656093355153668e-01 -3.444873523394345605e-01 1.027450858931294306e+03
-5.058127265799533534e-01 2.436077386275723733e-01 1.240304257508893897e+03
3.101669671935968209e-01 -5.709532865770935439e-01 1.376936613425295945e+03
7.149496930755082635e-01 -2.782031596957547093e-01 1.545881711653232514e+03
2.294174735725943159e-01 -7.209520555445717571e-01 1.620751137023997671e+03
-2.981072640258757289e-01 -8.508733425914343229e-01 1.910134036980285373e+03
-3.787976695094583124e-01 -9.268373076048946890e-01 2.080935292521975953e+03
2.317349901299436410e-01 -1.068143287683425369e+00 2.296845654999548060e+03
4.901827895447987693e-01 -1.126253928362553669e+00 2.648865169786485694e+03
9.008512412580058637e-01 -1.166915956186564740e+00 3.002139160620745770e+03
-1.559853315735148849e+00 3.757228613597337619e-01 3.512737639862969445e+03
-6.578515042472424801e-01 -1.624251827453571995e+00 3.645958723686181656e+03
3.983744121627746243e-02 -4.414540382790228812e-02 1.092668546756486592e+02
-2.576848834348007267e-01 -6.987431401517928825e-03 4.707830761663577732e+02
3.033642422360822710e-01 6.576809718841974961e-02 6.110365993222051202e+02
-2.432487091240872756e-01 2.586038262651749187e-01 6.638335784857380304e+02
3.184933804657034129e-01 3.130875930869478352e-01 8.582634996781138170e+02
3.223930426342445643e-01 -3.998392007898969314e-01 9.415263480811373711e+02
2.914417108538813195e-01 -5.030963670148749234e-01 1.094540431011874261e+03
5.075710771833908952e-01 3.592473883579432314e-01 1.164011358820661599e+03
5.962412115008108859e-01 -3.312681772955712867e-01 1.269907264333581224e+03
-5.209364237203114589e-01 5.125389982503509856e-01 1.427736509947591458e+03
-8.506109245298651977e-01 -1.853137782273782674e-01 1.723233291759647955e+03
-9.855968489516914177e-01 -2.012750053298223152e-01 1.954909652725862998e+03
2.939079837405783602e-01 -1.049096292104163108e+00 2.000501796188760409e+03
-1.148138969139286925e+00 3.512032418176763704e-01 2.361988471804764686e+03
-6.916080282624023079e-01 -1.184357427826571607e+00 2.594133807401886770e+03
1.337285185740880733e+00 8.273759938423985716e-01 3.020444713911230792e+03
-1.745142768593148652e+00 -8.150954315175469311e-01 3.744272405948219784e+03
-4.879731233747450214e-02 9.990123608573933667e-02 1.854538546050889067e+02
-5.725416222311583564e-02 -1.801626088578231200e-01 3.297882804720605350e+02
-1.338659659117506784e-01 -2.820508952496684207e-01 4.964056203844527886e+02
5.767589997716351252e-02 -3.158155170698287439e-01 5.265568576950771558e+02
-9.614486415971183753e-02 -3.191837449152666317e-01 5.655941541282780918e+02
-2.514856247139915513e-01 -3.880488051753079315e-01 7.806215128423150418e+02
-3.050442363174311056e-01 -3.931976149802268172e-01 8.772265295157380933e+02
-4.973262707305360908e-01 2.513891112084496449e-01 9.898691545584032383e+02
-6.422937534636583568e-01 -2.257486520792197082e-02 1.108744809297907523e+03
-3.265867489972650306e-01 -6.249793146747761874e-01 1.162162013251502003e+03
-6.985058592467923155e-01 -4.474549869912236577e-01 1.322577640413782092e+03
-1.227077572379656062e-01 -8.730886852217837335e-01 1.517624451891671697e+03
-5.684830778965671572e-01 -7.968918767575261519e-01 1.662672159827143332e+03
-6.555309401253615054e-01 8.764823304634193901e-01 1.859887308745668861e+03
-7.091656721305138467e-01 -9.494508530643464006e-01 2.036095147993026785e+03
1.737644997822122284e-01 1.457010208255185457e+00 2.337016656547723869e+03
-5.539979551183448203e-01 -1.594748972447978863e+00 2.713662984957553363e+03
1.767666862703359376e+00 -7.036963830820579524e-01 3.307337881890189692e+03
-1.995691596145538205e-01 -2.839510433293629746e-02 3.109517546295097077e+02
3.151794458099668045e-02 -2.485624622647450432e-01 3.797058426363693684e+02
-2.850096548397920149e-01 1.395632340493049850e-01 4.711097650380124264e+02
-3.551844987913106988e-01 4.659818176030239290e-02 5.605592019257546781e+02
-3.770886774416633003e-01 2.447416291811003730e-01 6.617437298538580990e+02
2.524208544556726802e-02 5.053616762965431608e-01 7.398243178340334225e+02
4.965973134961712554e-01 1.679741119375390279e-01 8.267325079591275880e+02
-6.389868020133506743e-01 4.373937897409038711e-02 9.366341012661607692e+02
-4.968339710039881840e-01 4.659280540039641982e-01 1.061177538357780804e+03
4.379830493201612995e-01 7.115846121732721796e-01 1.214099114700624796e+03
-4.245775031830749668e-01 7.060368852301154297e-01 1.305694833757198239e+03
2.770185522859578975e-01 -8.541738873854335390e-01 1.414039577266883271e+03
9.732672073655347367e-01 4.632685672381156028e-01 1.707160918688980928e+03
-1.129408032197579015e+00 3.053448119760346358e-01 1.831052073751402304e+03
2.662368422269317803e-01 1.435873776127175594e+00 2.101198855317587004e+03
-2.439731799094973230e-01 1.581139282550187986e+00 2.466350378431163790e+03
-1.030332327233119544e-01 -1.829594154640634462e+00 2.740971393155584337e+03
-1.140254931084228596e-01 1.948969506201200907e+00 2.899911422872207822e+03
-1.737828444077954337e+00 -1.455589355369315552e+00 3.331028378789149428e+03
2.446189703797652548e+00 -1.051346362954347136e+00 3.794568550468310605e+03
1.321005839866938036e-01 -8.193340090284606525e-02 2.175898548848367398e+02
2.186962869439889323e-01 1.334473053992799585e-01 3.500310464897269753e+02
3.190489613480008146e-01 9.062027677736381182e-02 4.357379620547885679e+02
-1.053687522053717157e-01 3.764373435530867229e-01 5.037343981964152135e+02
-9.796115087417085060e-03 4.791885533398841934e-01 6.190869196712018265e+02
-2.852941879845014017e-01 -3.672582209040433643e-01 6.483778871035897282e+02
-1.412838863594697292e-01 5.827748401304109205e-01 7.853718881176019977e+02
-5.071604283934006974e-01 4.010477995369618465e-01 8.320192028541792979e+02
-6.766720033059270278e-01 2.658361194201896427e-01 9.743551214588877656e+02
-8.128950969258900150e-01 3.292830910111830267e-01 1.115096100555053908e+03
-3.595956095013357889e-01 8.443411459449206014e-01 1.177778338290373995e+03
5.728327227712828318e-01 -7.411353617044212916e-01 1.294046589212029176e+03
-7.117730547335862079e-01 -8.632045244839589015e-01 1.451467064108247769e+03
-1.254163081060139406e+00 -3.781259246487521097e-01 1.718542498502257104e+03
7.316669984111826563e-01 -1.111029272212397112e+00 1.818308367028375642e+03
7.713513428736243904e-01 -1.272853534350143923e+00 2.030069377043501618e+03
-1.417964408555946187e+00 9.012745177196325175e-01 2.277699941769418274e+03
-1.538170780217790190e+00 -1.025392475527437730e+00 2.544984710421723321e+03
1.939045512964706619e+00 1.172003311919350921e+00 3.021495535737247337e+03
-2.503764480811780491e+00 -2.045202133681854051e-01 3.317658017806565567e+03
-2.357908059482506646e-01 1.963333251450781469e-01 3.447558449939139678e+02
3.208692059837445765e-01 3.176304165266397583e-01 5.168220739631225342e+02
4.880035211061281575e-01 4.371803734858938917e-01 7.868304349280667793e+02
6.644492992959201150e-01 7.970752255792384888e-02 8.256461532054222516e+02
7.881532035061820096e-01 -2.787636757000669929e-01 9.835062959202888351e+02
4.665504138985244187e-01 7.595877566668963743e-01 1.100047935118759597e+03
-8.253482716061172342e-01 5.659091881961771930e-01 1.236171389450515107e+03
4.142735079499733075e-01 -1.043725301153232810e+00 1.314205454152029233e+03
-1.073969000229491044e+00 -6.667618870585637625e-01 1.540144265319457645e+03
1.224934568005804136e+00 -4.775303960334590370e-01 1.618929073761484005e+03
-6.663680552800907986e-01 -1.329607315249288213e+00 1.789607042667149017e+03
-2.078496923935237106e+00 -9.789742541246594376e-01 2.645153889604617234e+03
-2.436875409474761778e+00 4.581148963595361168e-01 3.055073491265792654e+03
1.245781709816653621e-01 1.068105081352974106e-01 1.763607600691514108e+02
-1.513752707961281974e-01 -2.027695107818352216e-01 2.538125049169541967e+02
-2.135700571078140708e-01 -1.549669925712090779e-01 2.841923405532302809e+02
5.293499907488284917e-01 6.182671635726758597e-01 8.844692988390584105e+02
7.323646088217445893e-01 -1.153956756329961530e+00 1.497987712543342468e+03
-1.085807461649777927e+00 1.326655933469472526e+00 1.837131043372672593e+03
1.509992900296869056e+00 -1.273337498034968984e+00 2.181225028389200816e+03
-2.471604279048158492e+00 2.740400800007158466e+00 3.458482266573432753e+03
2.445189183885607132e-01 1.095933534139338777e-01 1.059201035027566377e+03
-2.510767616024585092e-01 -1.283771838404551557e-01 5.314741942632682594e+02
-1.442131476607550200e-01 3.577910491884989108e-01 5.432479071238561801e+02
1.800688057819782931e-02 -4.729306806979054478e-01 6.360813623624113688e+02
4.725404875996775944e-01 -8.966427386956068446e-01 1.159595184238095271e+03
-1.716493515899241221e-02 -2.390628183117526027e-03 5.906353571517829550e+02
-4.990157692260923511e-02 7.226328996255551584e-02 1.091069161831008159e+03
-2.000955945593259899e-01 5.304329757519681693e-02 2.460813096916993800e+03
-2.040616012135662294e-01 1.465661335316512381e-01 2.675851546239638992e+03
-4.714013530673670516e-02 3.200547039152701334e-01 3.306714548576325797e+03
2.034285228716451455e-01 -3.413606050957933569e-01 4.031932265448304406e+03
2.976105771780025444e-01 3.320654369155698338e-01 4.945688636795138336e+03
-2.504309920332845746e-02 -2.148035627549860216e-01 1.979963233064598626e+03
-8.370472552198814087e-02 -2.881304274383639785e-01 2.987030361322727458e+03
2.091852344639349992e-01 -3.263165398505934456e-01 3.540619230898310434e+03
2.003050891132235611e-01 1.296918683862498256e-01 1.952752076345123669e+03
6.248434928538246225e-02 8.736055184749891289e-02 8.380691211342665383e+02
7.139322460279211302e-02 9.787917700590079151e-02 9.053309769881635702e+02
-3.626603443721781450e-01 1.131198206075517410e-01 2.861185950067761951e+03
4.092670808197674259e-01 -6.719059989519446385e-02 3.200747183420734927e+03
-5.460843869747612489e-01 -9.782773140352438168e-02 3.934990233940303369e+03
-3.292426312010179879e-02 1.041151012112498109e-01 6.919082283475748909e+02
-7.129000235289378873e-02 1.888974189714142660e-01 1.339374051961110581e+03
-4.237072658792039870e-01 7.350823619084531635e-02 2.788183770505121629e+03
1.384638671432873447e-01 -3.324591882611299676e-01 2.123594387937704141e+03
-2.093830254489388309e-01 -3.013498763636492939e-01 2.260154779831812448e+03
-4.077476058430801187e-01 2.142482052477342747e-01 2.693987112980384609e+03
-4.180505342988573014e-01 2.444083614726196840e-01 2.859315454353260066e+03
-1.468637149673681086e-01 -1.613589244025589453e-01 1.124218244766405633e+03
-2.302508955969178595e-01 1.304590714146207087e-01 1.339873169422232195e+03
3.182797296747744697e-01 5.608240830768870117e-02 1.799154677067651164e+03
4.625925844946447429e-01 -2.376626541301372908e-02 2.396666351420762112e+03
-5.179052882984673811e-01 8.198770862093901490e-02 2.802264172669481468e+03
1.768365273265568027e-01 -6.033197497972645484e-01 3.326963578132011662e+03
-6.936375785345685330e-01 -1.315956950523995417e-01 3.696678842674207772e+03
3.677682814572625324e-03 -3.041950035452860995e-02 1.474006845963365890e+02
-6.965959542146687999e-02 2.195374724502093255e-01 1.029325935889681432e+03
-2.723001025576993750e-01 1.474510239063149021e-02 1.329022256449546376e+03
2.882305584469013748e-01 1.706689648290778960e-01 1.595786908368372224e+03
5.776630932642365934e-01 -1.525508164800591648e-01 2.713786358146601287e+03
1.694148940216809451e-01 -5.811851722263413622e-01 2.853445281469473684e+03
8.473067612432785278e-01 7.842317672670523487e-02 4.226863197221278824e+03
-3.558686410430293712e-02 1.189289129521495653e-01 5.166393102430261024e+02
1.582227936978035931e-01 -4.550826466515266178e-02 6.571499665264976784e+02
-4.475908922744391283e-02 -2.626002326633364303e-01 1.158345972128554422e+03
4.521151274285867827e-01 -1.177203017373234656e-01 1.985961292768509338e+03
-1.699371772563416094e-01 4.520053996337312641e-01 2.122430888708036491e+03
5.369956830876920773e-01 2.600311470519977089e-02 2.338136875977776526e+03
-1.724706983305749619e-01 -6.255997399872060827e-01 2.781396678193979824e+03
-9.864722107211254531e-02 7.012402721933786998e-01 2.976843848551139672e+03
-3.298884896776240749e-01 -7.120516246710720809e-01 3.237147730574568868e+03
2.051124755965295574e-02 8.945877316282191405e-02 3.650242018870816310e+02
1.170254237882655118e-01 1.826950232184350043e-01 7.850885678681551099e+02
2.480232043845683743e-01 -2.377830244515164171e-01 1.366398894401456801e+03
5.886953111558508311e-01 3.547030158143112816e-02 2.222775541530022110e+03
-3.340177253248226008e-01 -5.337911466804056149e-01 2.506711569013141798e+03
-4.698836051215579124e-01 -6.009875435420257705e-01 2.740590671982472486e+03
1.078407260293996889e-01 7.596527941966918496e-01 2.937354462518733271e+03
6.408224799771485847e-01 -6.062757252256056884e-01 3.329449912715213941e+03
-2.698517857464544645e-01 9.945141709649005790e-01 3.756831012477544391e+03
-1.113256211031326687e-01 -1.193027793902365463e+00 4.299614910472565498e+03
5.794747669797766648e-02 -7.974794201030620255e-02 3.442646527078863983e+02
1.410633040129516125e-01 -1.122918302309772361e-02 4.512177692405477956e+02
2.307413307860503304e-01 -8.961051675023347374e-02 8.726142482264373257e+02
2.390654202162838943e-02 3.191347685786887212e-01 1.058526615831224490e+03
-3.462806545770791278e-01 -4.867556958488579444e-02 1.142606164402765899e+03
-4.153334228887231583e-01 2.486127524428461411e-01 1.570546622451172425e+03
-4.041655140224956755e-01 2.755080361354351748e-01 1.641478704814017419e+03
1.427661054806455276e-01 -5.993394178743041145e-01 1.955672300990745043e+03
-4.996017467666753475e-01 4.341060091836057011e-01 2.128044028415300090e+03
-4.565937058097811474e-01 -5.780392277006397572e-01 2.423757970241125349e+03
4.207035189859875679e-02 8.107769960193138559e-01 2.679460792555942589e+03
1.985173496888929801e-01 8.384946496268368410e-01 2.904423928638390862e+03
-9.459282935712907125e-01 1.567055951867084296e-01 3.355895785813034763e+03
-1.869141122644212005e-02 1.135735365669494762e-01 3.582157192113376709e+02
1.397390094501791136e-01 4.272426235037662945e-02 4.376027223240515696e+02
-3.058050132731527371e-01 1.246385535373604331e-01 9.397651493481772604e+02
-3.112552233095567944e-01 -9.661807950954401369e-02 1.014670863509453852e+03
3.306804195463640406e-02 -3.972595180008437477e-01 1.246771993231707029e+03
9.122312538085274036e-02 4.386492171930506667e-01 1.275672991137596227e+03
-1.219144218078275083e-01 -4.729396088732694126e-01 1.521093057262399043e+03
5.369276987809025181e-01 2.391358654314949816e-01 1.776824600789581382e+03
6.510097762163750135e-01 1.631092547901148992e-01 1.938466605021505984e+03
6.291724360888507617e-01 -3.096671302981114371e-01 2.062973282273203040e+03
5.931051901920455505e-01 6.028933522494911434e-01 2.396077453658896957e+03
6.138695910361292585e-01 -5.824831742981625426e-01 2.576766984004766073e+03
6.570255008280958542e-01 9.622191583797585768e-01 3.305727127004463455e+03
-7.041415115576713513e-01 1.048146059804197172e+00 3.609229743901250913e+03
-3.384274078231758742e-01 -1.662578817096627137e-01 9.653028685321032754e+02
4.126450026576418684e-01 -2.320814468999859714e-01 1.193798287572400568e+03
-2.550021580468251337e-01 3.933469731806727432e-01 1.264955120019339347e+03
-4.577117873196122066e-01 -3.918949663837685282e-01 1.553184139561918300e+03
3.939100223380518906e-01 5.429332227838324920e-01 1.741951273029003687e+03
-7.250644319739449339e-02 -6.510037331598390598e-01 1.811100647022416751e+03
6.242612165122229245e-02 -7.836779889689891032e-01 2.158367095863336090e+03
-3.770824455389413243e-01 -7.879340812306239172e-01 2.455942169549755363e+03
9.589109737823263702e-01 1.299516253660434328e-01 2.700131481164088655e+03
1.022636409972691895e+00 6.290789931778859589e-01 3.151945989396281675e+03
-1.231217963440061958e+00 7.985198271184895669e-01 3.877264355284228714e+03
1.573762987705148220e+00 -3.281177126160198521e-01 4.456500338871344866e+03
7.246649835408154605e-02 -9.395935238313559215e-03 1.651335468287458923e+02
-6.312545071444429501e-02 -5.269778607048972163e-02 2.001425704886916890e+02
1.096698601574317838e-01 -6.239257391283473814e-02 3.168718239320633643e+02
-1.453581815795954024e-01 -2.569889347585627704e-01 7.337800063098806049e+02
-1.307254511482186521e-01 -3.392686407277285543e-01 8.462265111776915774e+02
-1.938726211005854239e-01 -4.297582988027228712e-01 1.110583216754338082e+03
-2.194604640259179007e-01 -4.070492050333767708e-01 1.131162696418005908e+03
4.428802968957051278e-01 -3.455513051228389920e-01 1.384165018209818072e+03
-1.019832077686365773e-01 -6.253568870827266313e-01 1.465072323396544562e+03
7.463802081767012542e-02 6.551831225953455018e-01 1.636082097253261054e+03
-4.021653553985828355e-01 -7.555659118144748554e-01 1.973518599534903160e+03
-8.238566378691529746e-01 -3.489963146537840566e-01 2.074313156242536934e+03
-8.548955060591084676e-01 -5.344773333810467486e-01 2.399898077693390405e+03
2.348160963309426918e-01 1.087521657552263266e+00 2.610984146319694446e+03
9.948418407547273690e-01 -8.049636715298007505e-01 3.149892633608548749e+03
-1.191598124396395342e+00 -5.817648883949865235e-01 3.236290566195601059e+03
1.145482396660611801e+00 -1.143780286533920831e+00 3.771947310158217533e+03
-5.027715322323705882e-02 1.845923905123835751e-01 4.025466521212371163e+02
8.587656064470018669e-02 2.475939141333419746e-01 5.610836747613147963e+02
-1.752152382712537648e-01 -2.415564294855892524e-01 6.557086272595181526e+02
2.406266267790988234e-01 2.740512510376570399e-01 7.474048997870862650e+02
5.825196336816652887e-02 3.957070956972161269e-01 8.655062751799350735e+02
2.115250028071401778e-01 -3.996034789583073898e-01 9.400449501893451725e+02
-3.079656093355153668e-01 -3.444873523394345605e-01 1.027450858931294306e+03
-5.058127265799533534e-01 2.436077386275723733e-01 1.240304257508893897e+03
3.101669671935968209e-01 -5.709532865770935439e-01 1.376936613425295945e+03
7.149496930755082635e-01 -2.782031596957547093e-01 1.545881711653232514e+03
2.294174735725943159e-01 -7.209520555445717571e-01 1.620751137023997671e+03
-2.981072640258757289e-01 -8.508733425914343229e-01 1.910134036980285373e+03
-3.787976695094583124e-01 -9.268373076048946890e-01 2.080935292521975953e+03
2.317349901299436410e-01 -1.068143287683425369e+00 2.296845654999548060e+03
4.901827895447987693e-01 -1.126253928362553669e+00 2.648865169786485694e+03
9.008512412580058637e-01 -1.166915956186564740e+00 3.002139160620745770e+03
-1.559853315735148849e+00 3.757228613597337619e-01 3.512737639862969445e+03
-6.578515042472424801e-01 -1.624251827453571995e+00 3.645958723686181656e+03
3.983744121627746243e-02 -4.414540382790228812e-02 1.092668546756486592e+02
-2.576848834348007267e-01 -6.987431401517928825e-03 4.707830761663577732e+02
3.033642422360822710e-01 6.576809718841974961e-02 6.110365993222051202e+02
-2.432487091240872756e-01 2.586038262651749187e-01 6.638335784857380304e+02
3.184933804657034129e-01 3.130875930869478352e-01 8.582634996781138170e+02
3.223930426342445643e-01 -3.998392007898969314e-01 9.415263480811373711e+02
2.914417108538813195e-01 -5.030963670148749234e-01 1.094540431011874261e+03
5.075710771833908952e-01 3.592473883579432314e-01 1.164011358820661599e+03
5.962412115008108859e-01 -3.312681772955712867e-01 1.269907264333581224e+03
-5.209364237203114589e-01 5.125389982503509856e-01 1.427736509947591458e+03
-8.506109245298651977e-01 -1.853137782273782674e-01 1.723233291759647955e+03
-9.855968489516914177e-01 -2.012750053298223152e-01 1.954909652725862998e+03
2.939079837405783602e-01 -1.049096292104163108e+00 2.000501796188760409e+03
-1.148138969139286925e+00 3.512032418176763704e-01 2.361988471804764686e+03
-6.916080282624023079e-01 -1.184357427826571607e+00 2.594133807401886770e+03
1.337285185740880733e+00 8.273759938423985716e-01 3.020444713911230792e+03
-1.745142768593148652e+00 -8.150954315175469311e-01 3.744272405948219784e+03
-4.879731233747450214e-02 9.990123608573933667e-02 1.854538546050889067e+02
-5.725416222311583564e-02 -1.801626088578231200e-01 3.297882804720605350e+02
-1.338659659117506784e-01 -2.820508952496684207e-01 4.964056203844527886e+02
5.767589997716351252e-02 -3.158155170698287439e-01 5.265568576950771558e+02
-9.614486415971183753e-02 -3.191837449152666317e-01 5.655941541282780918e+02
-2.514856247139915513e-01 -3.880488051753079315e-01 7.806215128423150418e+02
-3.050442363174311056e-01 -3.931976149802268172e-01 8.772265295157380933e+02
-4.973262707305360908e-01 2.513891112084496449e-01 9.898691545584032383e+02
-6.422937534636583568e-01 -2.257486520792197082e-02 1.108744809297907523e+03
-3.265867489972650306e-01 -6.249793146747761874e-01 1.162162013251502003e+03
-6.985058592467923155e-01 -4.474549869912236577e-01 1.322577640413782092e+03
-1.227077572379656062e-01 -8.730886852217837335e-01 1.517624451891671697e+03
-5.684830778965671572e-01 -7.968918767575261519e-01 1.662672159827143332e+03
-6.555309401253615054e-01 8.764823304634193901e-01 1.859887308745668861e+03
-7.091656721305138467e-01 -9.494508530643464006e-01 2.036095147993026785e+03
1.737644997822122284e-01 1.457010208255185457e+00 2.337016656547723869e+03
-5.539979551183448203e-01 -1.594748972447978863e+00 2.713662984957553363e+03
1.767666862703359376e+00 -7.036963830820579524e-01 3.307337881890189692e+03
-1.995691596145538205e-01 -2.839510433293629746e-02 3.109517546295097077e+02
3.151794458099668045e-02 -2.485624622647450432e-01 3.797058426363693684e+02
-2.850096548397920149e-01 1.395632340493049850e-01 4.711097650380124264e+02
-3.551844987913106988e-01 4.659818176030239290e-02 5.605592019257546781e+02
-3.770886774416633003e-01 2.447416291811003730e-01 6.617437298538580990e+02
2.524208544556726802e-02 5.053616762965431608e-01 7.398243178340334225e+02
4.965973134961712554e-01 1.679741119375390279e-01 8.267325079591275880e+02
-6.389868020133506743e-01 4.373937897409038711e-02 9.366341012661607692e+02
-4.968339710039881840e-01 4.659280540039641982e-01 1.061177538357780804e+03
4.379830493201612995e-01 7.115846121732721796e-01 1.214099114700624796e+03
-4.245775031830749668e-01 7.060368852301154297e-01 1.305694833757198239e+03
2.770185522859578975e-01 -8.541738873854335390e-01 1.414039577266883271e+03
9.732672073655347367e-01 4.632685672381156028e-01 1.707160918688980928e+03
-1.129408032197579015e+00 3.053448119760346358e-01 1.831052073751402304e+03
2.662368422269317803e-01 1.435873776127175594e+00 2.101198855317587004e+03
-2.439731799094973230e-01 1.581139282550187986e+00 2.466350378431163790e+03
-1.030332327233119544e-01 -1.829594154640634462e+00 2.740971393155584337e+03
-1.140254931084228596e-01 1.948969506201200907e+00 2.899911422872207822e+03
-1.737828444077954337e+00 -1.455589355369315552e+00 3.331028378789149428e+03
2.446189703797652548e+00 -1.051346362954347136e+00 3.794568550468310605e+03
1.321005839866938036e-01 -8.193340090284606525e-02 2.175898548848367398e+02
2.186962869439889323e-01 1.334473053992799585e-01 3.500310464897269753e+02
3.190489613480008146e-01 9.062027677736381182e-02 4.357379620547885679e+02
-1.053687522053717157e-01 3.764373435530867229e-01 5.037343981964152135e+02
-9.796115087417085060e-03 4.791885533398841934e-01 6.190869196712018265e+02
-2.852941879845014017e-01 -3.672582209040433643e-01 6.483778871035897282e+02
-1.412838863594697292e-01 5.827748401304109205e-01 7.853718881176019977e+02
-5.071604283934006974e-01 4.010477995369618465e-01 8.320192028541792979e+02
-6.766720033059270278e-01 2.658361194201896427e-01 9.743551214588877656e+02
-8.128950969258900150e-01 3.292830910111830267e-01 1.115096100555053908e+03
-3.595956095013357889e-01 8.443411459449206014e-01 1.177778338290373995e+03
5.728327227712828318e-01 -7.411353617044212916e-01 1.294046589212029176e+03
-7.117730547335862079e-01 -8.632045244839589015e-01 1.451467064108247769e+03
-1.254163081060139406e+00 -3.781259246487521097e-01 1.718542498502257104e+03
7.316669984111826563e-01 -1.111029272212397112e+00 1.818308367028375642e+03
7.713513428736243904e-01 -1.272853534350143923e+00 2.030069377043501618e+03
-1.417964408555946187e+00 9.012745177196325175e-01 2.277699941769418274e+03
-1.538170780217790190e+00 -1.025392475527437730e+00 2.544984710421723321e+03
1.939045512964706619e+00 1.172003311919350921e+00 3.021495535737247337e+03
-2.503764480811780491e+00 -2.045202133681854051e-01 3.317658017806565567e+03
-2.357908059482506646e-01 1.963333251450781469e-01 3.447558449939139678e+02
3.208692059837445765e-01 3.176304165266397583e-01 5.168220739631225342e+02
4.880035211061281575e-01 4.371803734858938917e-01 7.868304349280667793e+02
6.644492992959201150e-01 7.970752255792384888e-02 8.256461532054222516e+02
7.881532035061820096e-01 -2.787636757000669929e-01 9.835062959202888351e+02
4.665504138985244187e-01 7.595877566668963743e-01 1.100047935118759597e+03
-8.253482716061172342e-01 5.659091881961771930e-01 1.236171389450515107e+03
4.142735079499733075e-01 -1.043725301153232810e+00 1.314205454152029233e+03
-1.073969000229491044e+00 -6.667618870585637625e-01 1.540144265319457645e+03
1.224934568005804136e+00 -4.775303960334590370e-01 1.618929073761484005e+03
-6.663680552800907986e-01 -1.329607315249288213e+00 1.789607042667149017e+03
-2.078496923935237106e+00 -9.789742541246594376e-01 2.645153889604617234e+03
-2.436875409474761778e+00 4.581148963595361168e-01 3.055073491265792654e+03
1.245781709816653621e-01 1.068105081352974106e-01 1.763607600691514108e+02
-1.513752707961281974e-01 -2.027695107818352216e-01 2.538125049169541967e+02
-2.135700571078140708e-01 -1.549669925712090779e-01 2.841923405532302809e+02
5.293499907488284917e-01 6.182671635726758597e-01 8.844692988390584105e+02
7.323646088217445893e-01 -1.153956756329961530e+00 1.497987712543342468e+03
-1.085807461649777927e+00 1.326655933469472526e+00 1.837131043372672593e+03
1.509992900296869056e+00 -1.273337498034968984e+00 2.181225028389200816e+03
-2.471604279048158492e+00 2.740400800007158466e+00 3.458482266573432753e+03
2.445189183885607132e-01 1.095933534139338777e-01 1.059201035027566377e+03
-2.510767616024585092e-01 -1.283771838404551557e-01 5.314741942632682594e+02
-1.442131476607550200e-01 3.577910491884989108e-01 5.432479071238561801e+02
1.800688057819782931e-02 -4.729306806979054478e-01 6.360813623624113688e+02
4.725404875996775944e-01 -8.966427386956068446e-01 1.159595184238095271e+03
-1.716493515899241221e-02 -2.390628183117526027e-03 5.906353571517829550e+02
-4.990157692260923511e-02 7.226328996255551584e-02 1.091069161831008159e+03
-2.000955945593259899e-01 5.304329757519681693e-02 2.460813096916993800e+03
-2.040616012135662294e-01 1.465661335316512381e-01 2.675851546239638992e+03
-4.714013530673670516e-02 3.200547039152701334e-01 3.306714548576325797e+03
2.034285228716451455e-01 -3.413606050957933569e-01 4.031932265448304406e+03
2.976105771780025444e-01 3.320654369155698338e-01 4.945688636795138336e+03
-2.504309920332845746e-02 -2.148035627549860216e-01 1.979963233064598626e+03
-8.370472552198814087e-02 -2.881304274383639785e-01 2.987030361322727458e+03
2.091852344639349992e-01 -3.263165398505934456e-01 3.540619230898310434e+03
2.003050891132235611e-01 1.296918683862498256e-01 1.952752076345123669e+03
6.248434928538246225e-02 8.736055184749891289e-02 8.380691211342665383e+02
7.139322460279211302e-02 9.787917700590079151e-02 9.053309769881635702e+02
-3.626603443721781450e-01 1.131198206075517410e-01 2.861185950067761951e+03
4.092670808197674259e-01 -6.719059989519446385e-02 3.200747183420734927e+03
-5.460843869747612489e-01 -9.782773140352438168e-02 3.934990233940303369e+03
-3.292426312010179879e-02 1.041151012112498109e-01 6.919082283475748909e+02
-7.129000235289378873e-02 1.888974189714142660e-01 1.339374051961110581e+03
-4.237072658792039870e-01 7.350823619084531635e-02 2.788183770505121629e+03
1.384638671432873447e-01 -3.324591882611299676e-01 2.123594387937704141e+03
-2.093830254489388309e-01 -3.013498763636492939e-01 2.260154779831812448e+03
-4.077476058430801187e-01 2.142482052477342747e-01 2.693987112980384609e+03
-4.180505342988573014e-01 2.444083614726196840e-01 2.859315454353260066e+03
-1.468637149673681086e-01 -1.613589244025589453e-01 1.124218244766405633e+03
-2.302508955969178595e-01 1.304590714146207087e-01 1.339873169422232195e+03
3.182797296747744697e-01 5.608240830768870117e-02 1.799154677067651164e+03
4.625925844946447429e-01 -2.376626541301372908e-02 2.396666351420762112e+03
-5.179052882984673811e-01 8.198770862093901490e-02 2.802264172669481468e+03
1.768365273265568027e-01 -6.033197497972645484e-01 3.326963578132011662e+03
-6.936375785345685330e-01 -1.315956950523995417e-01 3.696678842674207772e+03
3.677682814572625324e-03 -3.041950035452860995e-02 1.474006845963365890e+02
-6.965959542146687999e-02 2.195374724502093255e-01 1.029325935889681432e+03
-2.723001025576993750e-01 1.474510239063149021e-02 1.329022256449546376e+03
2.882305584469013748e-01 1.706689648290778960e-01 1.595786908368372224e+03
5.776630932642365934e-01 -1.525508164800591648e-01 2.713786358146601287e+03
1.694148940216809451e-01 -5.811851722263413622e-01 2.853445281469473684e+03
8.473067612432785278e-01 7.842317672670523487e-02 4.226863197221278824e+03
-3.558686410430293712e-02 1.189289129521495653e-01 5.166393102430261024e+02
1.582227936978035931e-01 -4.550826466515266178e-02 6.571499665264976784e+02
-4.475908922744391283e-02 -2.626002326633364303e-01 1.158345972128554422e+03
4.521151274285867827e-01 -1.177203017373234656e-01 1.985961292768509338e+03
-1.699371772563416094e-01 4.520053996337312641e-01 2.122430888708036491e+03
5.369956830876920773e-01 2.600311470519977089e-02 2.338136875977776526e+03
-1.724706983305749619e-01 -6.255997399872060827e-01 2.781396678193979824e+03
-9.864722107211254531e-02 7.012402721933786998e-01 2.976843848551139672e+03
-3.298884896776240749e-01 -7.120516246710720809e-01 3.237147730574568868e+03
2.051124755965295574e-02 8.945877316282191405e-02 3.650242018870816310e+02
1.170254237882655118e-01 1.826950232184350043e-01 7.850885678681551099e+02
2.480232043845683743e-01 -2.377830244515164171e-01 1.366398894401456801e+03
5.886953111558508311e-01 3.547030158143112816e-02 2.222775541530022110e+03
-3.340177253248226008e-01 -5.337911466804056149e-01 2.506711569013141798e+03
-4.698836051215579124e-01 -6.009875435420257705e-01 2.740590671982472486e+03
1.078407260293996889e-01 7.596527941966918496e-01 2.937354462518733271e+03
6.408224799771485847e-01 -6.062757252256056884e-01 3.329449912715213941e+03
-2.698517857464544645e-01 9.945141709649005790e-01 3.756831012477544391e+03
-1.113256211031326687e-01 -1.193027793902365463e+00 4.299614910472565498e+03
5.794747669797766648e-02 -7.974794201030620255e-02 3.442646527078863983e+02
1.410633040129516125e-01 -1.122918302309772361e-02 4.512177692405477956e+02
2.307413307860503304e-01 -8.961051675023347374e-02 8.726142482264373257e+02
2.390654202162838943e-02 3.191347685786887212e-01 1.058526615831224490e+03
-3.462806545770791278e-01 -4.867556958488579444e-02 1.142606164402765899e+03
-4.153334228887231583e-01 2.486127524428461411e-01 1.570546622451172425e+03
-4.041655140224956755e-01 2.755080361354351748e-01 1.641478704814017419e+03
1.427661054806455276e-01 -5.993394178743041145e-01 1.955672300990745043e+03
-4.996017467666753475e-01 4.341060091836057011e-01 2.128044028415300090e+03
-4.565937058097811474e-01 -5.780392277006397572e-01 2.423757970241125349e+03
4.207035189859875679e-02 8.107769960193138559e-01 2.679460792555942589e+03
1.985173496888929801e-01 8.384946496268368410e-01 2.904423928638390862e+03
-9.459282935712907125e-01 1.567055951867084296e-01 3.355895785813034763e+03
-1.869141122644212005e-02 1.135735365669494762e-01 3.582157192113376709e+02
1.397390094501791136e-01 4.272426235037662945e-02 4.376027223240515696e+02
-3.058050132731527371e-01 1.246385535373604331e-01 9.397651493481772604e+02
-3.112552233095567944e-01 -9.661807950954401369e-02 1.014670863509453852e+03
3.306804195463640406e-02 -3.972595180008437477e-01 1.246771993231707029e+03
9.122312538085274036e-02 4.386492171930506667e-01 1.275672991137596227e+03
-1.219144218078275083e-01 -4.729396088732694126e-01 1.521093057262399043e+03
5.369276987809025181e-01 2.391358654314949816e-01 1.776824600789581382e+03
6.510097762163750135e-01 1.631092547901148992e-01 1.938466605021505984e+03
6.291724360888507617e-01 -3.096671302981114371e-01 2.062973282273203040e+03
5.931051901920455505e-01 6.028933522494911434e-01 2.396077453658896957e+03
6.138695910361292585e-01 -5.824831742981625426e-01 2.576766984004766073e+03
6.570255008280958542e-01 9.622191583797585768e-01 3.305727127004463455e+03
-7.041415115576713513e-01 1.048146059804197172e+00 3.609229743901250913e+03
-3.384274078231758742e-01 -1.662578817096627137e-01 9.653028685321032754e+02
4.126450026576418684e-01 -2.320814468999859714e-01 1.193798287572400568e+03
-2.550021580468251337e-01 3.933469731806727432e-01 1.264955120019339347e+03
-4.577117873196122066e-01 -3.918949663837685282e-01 1.553184139561918300e+03
3.939100223380518906e-01 5.429332227838324920e-01 1.741951273029003687e+03
-7.250644319739449339e-02 -6.510037331598390598e-01 1.811100647022416751e+03
6.242612165122229245e-02 -7.836779889689891032e-01 2.158367095863336090e+03
-3.770824455389413243e-01 -7.879340812306239172e-01 2.455942169549755363e+03
9.589109737823263702e-01 1.299516253660434328e-01 2.700131481164088655e+03
1.022636409972691895e+00 6.290789931778859589e-01 3.151945989396281675e+03
-1.231217963440061958e+00 7.985198271184895669e-01 3.877264355284228714e+03
1.573762987705148220e+00 -3.281177126160198521e-01 4.456500338871344866e+03
7.246649835408154605e-02 -9.395935238313559215e-03 1.651335468287458923e+02
-6.312545071444429501e-02 -5.269778607048972163e-02 2.001425704886916890e+02
1.096698601574317838e-01 -6.239257391283473814e-02 3.168718239320633643e+02
-1.453581815795954024e-01 -2.569889347585627704e-01 7.337800063098806049e+02
-1.307254511482186521e-01 -3.392686407277285543e-01 8.462265111776915774e+02
-1.938726211005854239e-01 -4.297582988027228712e-01 1.110583216754338082e+03
-2.194604640259179007e-01 -4.070492050333767708e-01 1.131162696418005908e+03
4.428802968957051278e-01 -3.455513051228389920e-01 1.384165018209818072e+03
-1.019832077686365773e-01 -6.253568870827266313e-01 1.465072323396544562e+03
7.463802081767012542e-02 6.551831225953455018e-01 1.636082097253261054e+03
-4.021653553985828355e-01 -7.555659118144748554e-01 1.973518599534903160e+03
-8.238566378691529746e-01 -3.489963146537840566e-01 2.074313156242536934e+03
-8.548955060591084676e-01 -5.344773333810467486e-01 2.399898077693390405e+03
2.348160963309426918e-01 1.087521657552263266e+00 2.610984146319694446e+03
9.948418407547273690e-01 -8.049636715298007505e-01 3.149892633608548749e+03
-1.191598124396395342e+00 -5.817648883949865235e-01 3.236290566195601059e+03
1.145482396660611801e+00 -1.143780286533920831e+00 3.771947310158217533e+03
-5.027715322323705882e-02 1.845923905123835751e-01 4.025466521212371163e+02
8.587656064470018669e-02 2.475939141333419746e-01 5.610836747613147963e+02
-1.752152382712537648e-01 -2.415564294855892524e-01 6.557086272595181526e+02
2.406266267790988234e-01 2.740512510376570399e-01 7.474048997870862650e+02
5.825196336816652887e-02 3.957070956972161269e-01 8.655062751799350735e+02
2.115250028071401778e-01 -3.996034789583073898e-01 9.400449501893451725e+02
-3.079656093355153668e-01 -3.444873523394345605e-01 1.027450858931294306e+03
-5.058127265799533534e-01 2.436077386275723733e-01 1.240304257508893897e+03
3.101669671935968209e-01 -5.709532865770935439e-01 1.376936613425295945e+03
7.149496930755082635e-01 -2.782031596957547093e-01 1.545881711653232514e+03
2.294174735725943159e-01 -7.209520555445717571e-01 1.620751137023997671e+03
-2.981072640258757289e-01 -8.508733425914343229e-01 1.910134036980285373e+03
-3.787976695094583124e-01 -9.268373076048946890e-01 2.080935292521975953e+03
2.317349901299436410e-01 -1.068143287683425369e+00 2.296845654999548060e+03
4.901827895447987693e-01 -1.126253928362553669e+00 2.648865169786485694e+03
9.008512412580058637e-01 -1.166915956186564740e+00 3.002139160620745770e+03
-1.559853315735148849e+00 3.757228613597337619e-01 3.512737639862969445e+03
-6.578515042472424801e-01 -1.624251827453571995e+00 3.645958723686181656e+03
3.983744121627746243e-02 -4.414540382790228812e-02 1.092668546756486592e+02
-2.576848834348007267e-01 -6.987431401517928825e-03 4.707830761663577732e+02
3.033642422360822710e-01 6.576809718841974961e-02 6.110365993222051202e+02
-2.432487091240872756e-01 2.586038262651749187e-01 6.638335784857380304e+02
3.184933804657034129e-01 3.130875930869478352e-01 8.582634996781138170e+02
3.223930426342445643e-01 -3.998392007898969314e-01 9.415263480811373711e+02
2.914417108538813195e-01 -5.030963670148749234e-01 1.094540431011874261e+03
5.075710771833908952e-01 3.592473883579432314e-01 1.164011358820661599e+03
5.962412115008108859e-01 -3.312681772955712867e-01 1.269907264333581224e+03
-5.209364237203114589e-01 5.125389982503509856e-01 1.427736509947591458e+03
-8.506109245298651977e-01 -1.853137782273782674e-01 1.723233291759647955e+03
-9.855968489516914177e-01 -2.012750053298223152e-01 1.954909652725862998e+03
2.939079837405783602e-01 -1.049096292104163108e+00 2.000501796188760409e+03
-1.148138969139286925e+00 3.512032418176763704e-01 2.361988471804764686e+03
-6.916080282624023079e-01 -1.184357427826571607e+00 2.594133807401886770e+03
1.337285185740880733e+00 8.273759938423985716e-01 3.020444713911230792e+03
-1.745142768593148652e+00 -8.150954315175469311e-01 3.744272405948219784e+03
-4.879731233747450214e-02 9.990123608573933667e-02 1.854538546050889067e+02
-5.725416222311583564e-02 -1.801626088578231200e-01 3.297882804720605350e+02
-1.338659659117506784e-01 -2.820508952496684207e-01 4.964056203844527886e+02
5.767589997716351252e-02 -3.158155170698287439e-01 5.265568576950771558e+02
-9.614486415971183753e-02 -3.191837449152666317e-01 5.655941541282780918e+02
-2.514856247139915513e-01 -3.880488051753079315e-01 7.806215128423150418e+02
-3.050442363174311056e-01 -3.931976149802268172e-01 8.772265295157380933e+02
-4.973262707305360908e-01 2.513891112084496449e-01 9.898691545584032383e+02
-6.422937534636583568e-01 -2.257486520792197082e-02 1.108744809297907523e+03
-3.265867489972650306e-01 -6.249793146747761874e-01 1.162162013251502003e+03
-6.985058592467923155e-01 -4.474549869912236577e-01 1.322577640413782092e+03
-1.227077572379656062e-01 -8.730886852217837335e-01 1.517624451891671697e+03
-5.684830778965671572e-01 -7.968918767575261519e-01 1.662672159827143332e+03
-6.555309401253615054e-01 8.764823304634193901e-01 1.859887308745668861e+03
-7.091656721305138467e-01 -9.494508530643464006e-01 2.036095147993026785e+03
1.737644997822122284e-01 1.457010208255185457e+00 2.337016656547723869e+03
-5.539979551183448203e-01 -1.594748972447978863e+00 2.713662984957553363e+03
1.767666862703359376e+00 -7.036963830820579524e-01 3.307337881890189692e+03
-1.995691596145538205e-01 -2.839510433293629746e-02 3.109517546295097077e+02
3.151794458099668045e-02 -2.485624622647450432e-01 3.797058426363693684e+02
-2.850096548397920149e-01 1.395632340493049850e-01 4.711097650380124264e+02
-3.551844987913106988e-01 4.659818176030239290e-02 5.605592019257546781e+02
-3.770886774416633003e-01 2.447416291811003730e-01 6.617437298538580990e+02
2.524208544556726802e-02 5.053616762965431608e-01 7.398243178340334225e+02
4.965973134961712554e-01 1.679741119375390279e-01 8.267325079591275880e+02
-6.389868020133506743e-01 4.373937897409038711e-02 9.366341012661607692e+02
-4.968339710039881840e-01 4.659280540039641982e-01 1.061177538357780804e+03
4.379830493201612995e-01 7.115846121732721796e-01 1.214099114700624796e+03
-4.245775031830749668e-01 7.060368852301154297e-01 1.305694833757198239e+03
2.770185522859578975e-01 -8.541738873854335390e-01 1.414039577266883271e+03
9.732672073655347367e-01 4.632685672381156028e-01 1.707160918688980928e+03
-1.129408032197579015e+00 3.053448119760346358e-01 1.831052073751402304e+03
2.662368422269317803e-01 1.435873776127175594e+00 2.101198855317587004e+03
-2.439731799094973230e-01 1.581139282550187986e+00 2.466350378431163790e+03
-1.030332327233119544e-01 -1.829594154640634462e+00 2.740971393155584337e+03
-1.140254931084228596e-01 1.948969506201200907e+00 2.899911422872207822e+03
-1.737828444077954337e+00 -1.455589355369315552e+00 3.331028378789149428e+03
2.446189703797652548e+00 -1.051346362954347136e+00 3.794568550468310605e+03
1.321005839866938036e-01 -8.193340090284606525e-02 2.175898548848367398e+02
2.186962869439889323e-01 1.334473053992799585e-01 3.500310464897269753e+02
3.190489613480008146e-01 9.062027677736381182e-02 4.357379620547885679e+02
-1.053687522053717157e-01 3.764373435530867229e-01 5.037343981964152135e+02
-9.796115087417085060e-03 4.791885533398841934e-01 6.190869196712018265e+02
-2.852941879845014017e-01 -3.672582209040433643e-01 6.483778871035897282e+02
-1.412838863594697292e-01 5.827748401304109205e-01 7.853718881176019977e+02
-5.071604283934006974e-01 4.010477995369618465e-01 8.320192028541792979e+02
-6.766720033059270278e-01 2.658361194201896427e-01 9.743551214588877656e+02
-8.128950969258900150e-01 3.292830910111830267e-01 1.115096100555053908e+03
-3.595956095013357889e-01 8.443411459449206014e-01 1.177778338290373995e+03
5.728327227712828318e-01 -7.411353617044212916e-01 1.294046589212029176e+03
-7.117730547335862079e-01 -8.632045244839589015e-01 1.451467064108247769e+03
-1.254163081060139406e+00 -3.781259246487521097e-01 1.718542498502257104e+03
7.316669984111826563e-01 -1.111029272212397112e+00 1.818308367028375642e+03
7.713513428736243904e-01 -1.272853534350143923e+00 2.030069377043501618e+03
-1.417964408555946187e+00 9.012745177196325175e-01 2.277699941769418274e+03
-1.538170780217790190e+00 -1.025392475527437730e+00 2.544984710421723321e+03
1.939045512964706619e+00 1.172003311919350921e+00 3.021495535737247337e+03
-2.503764480811780491e+00 -2.045202133681854051e-01 3.317658017806565567e+03
-2.357908059482506646e-01 1.963333251450781469e-01 3.447558449939139678e+02
3.208692059837445765e-01 3.176304165266397583e-01 5.168220739631225342e+02
4.880035211061281575e-01 4.371803734858938917e-01 7.868304349280667793e+02
6.644492992959201150e-01 7.970752255792384888e-02 8.256461532054222516e+02
7.881532035061820096e-01 -2.787636757000669929e-01 9.835062959202888351e+02
4.665504138985244187e-01 7.595877566668963743e-01 1.100047935118759597e+03
-8.253482716061172342e-01 5.659091881961771930e-01 1.236171389450515107e+03
4.142735079499733075e-01 -1.043725301153232810e+00 1.314205454152029233e+03
-1.073969000229491044e+00 -6.667618870585637625e-01 1.540144265319457645e+03
1.224934568005804136e+00 -4.775303960334590370e-01 1.618929073761484005e+03
-6.663680552800907986e-01 -1.329607315249288213e+00 1.789607042667149017e+03
-2.078496923935237106e+00 -9.789742541246594376e-01 2.645153889604617234e+03
-2.436875409474761778e+00 4.581148963595361168e-01 3.055073491265792654e+03
1.245781709816653621e-01 1.068105081352974106e-01 1.763607600691514108e+02
-1.513752707961281974e-01 -2.027695107818352216e-01 2.538125049169541967e+02
-2.135700571078140708e-01 -1.549669925712090779e-01 2.841923405532302809e+02
5.293499907488284917e-01 6.182671635726758597e-01 8.844692988390584105e+02
7.323646088217445893e-01 -1.153956756329961530e+00 1.497987712543342468e+03
-1.085807461649777927e+00 1.326655933469472526e+00 1.837131043372672593e+03
1.509992900296869056e+00 -1.273337498034968984e+00 2.181225028389200816e+03
-2.471604279048158492e+00 2.740400800007158466e+00 3.458482266573432753e+03
2.445189183885607132e-01 1.095933534139338777e-01 1.059201035027566377e+03
-2.510767616024585092e-01 -1.283771838404551557e-01 5.314741942632682594e+02
-1.442131476607550200e-01 3.577910491884989108e-01 5.432479071238561801e+02
1.800688057819782931e-02 -4.729306806979054478e-01 6.360813623624113688e+02
4.725404875996775944e-01 -8.966427386956068446e-01 1.159595184238095271e+03
