4.999573984428813851e-03 -7.503720290124221487e-04 4.222065432788690487e+02
-3.209018008940189154e-02 2.059692379034937931e-02 1.859623250209768912e+03
-1.042153163521639114e-01 -2.602574425843285841e-02 1.591604645312690081e+03
1.398615220445555141e-01 2.432456981952453579e-01 3.222416545804402176e+03
7.970293360379791803e-02 2.017666364354263331e-01 2.355082093624905610e+03
-2.392425370746839863e-01 1.611313209211614472e-01 2.674715803770799994e+03
-9.284427308973217108e-02 1.427372400050326284e-01 1.361220711161227882e+03
-2.234624218177049537e-01 -1.628775107338011896e-01 2.272242953775751175e+03
-3.485001440750571944e-01 1.764511323959702949e-01 3.217431488902684578e+03
2.703019161930537203e-03 -9.841026872954757032e-02 6.973104342276300258e+02
-1.690772107964078064e-01 1.091920218021162070e-01 1.475712215160245478e+03
3.082955277886896828e-01 1.439763799907382846e-01 2.539919635573085998e+03
-3.600629652323709962e-02 -1.077315208038563815e-01 7.511542533595307987e+02
4.910984085590155424e-01 3.149977186737481505e-01 3.878463316239622145e+03
1.677405151153938678e-01 1.393868258631054124e-01 1.251646502494778588e+03
3.037963744849265790e-01 -5.422090725866501523e-03 1.710955804554530687e+03
-1.693434889691226575e-01 -3.616335928197814131e-01 2.503200749040635401e+03
9.592478236165574712e-02 -4.324701015536146498e-01 2.790001534647791232e+03
-2.960537670345202502e-02 -3.043487231205830312e-01 1.561422965748843353e+03
2.033948906344688057e-01 -2.381780511301743730e-01 1.642327101928170578e+03
-1.443716920431833139e-01 4.409700607145064510e-01 2.363824267365641390e+03
-4.048302668011273253e-01 3.404861149842922097e-01 2.912798118473578143e+03
-5.824392399197095838e-01 -3.461910790786996150e-01 3.486725706347392588e+03
-3.445371125775372190e-01 1.425177338037248165e-01 1.748587655237178296e+03
-2.614074294666676179e-01 2.787237526794624776e-01 1.815797334744965610e+03
5.166429707327061527e-01 -4.911512172967930079e-01 3.446508282821406283e+03
7.651653909410948140e-01 -2.622076672928313479e-01 3.782184297456411969e+03
-1.571329032074655907e-01 -2.227227840460089259e-01 1.137772395374269990e+03
1.855991236157253643e-01 3.701497330320197565e-01 1.822791754786431511e+03
-4.956678940518395859e-01 -2.328232724773150741e-01 2.207078164137749354e+03
4.655054308307520761e-01 3.238616675090245089e-01 2.330566800290721858e+03
2.477445243021134669e-01 -7.032862909622362990e-02 1.000949092121427498e+03
2.992291240771685623e-01 2.934186468004023607e-01 1.648473566914854018e+03
5.313973188722387331e-01 -1.280153009523982491e-02 2.036504498724781342e+03
-7.362205426176953171e-01 3.497069580437695557e-01 2.971572837609322960e+03
-1.572935023564956680e-01 -6.089031481443746979e-02 5.412805946642585013e+02
-2.168525593056575829e-01 9.313230074825383509e-02 7.792302460284022345e+02
7.373883539583658830e-01 3.903277059962420581e-02 2.518344947625267196e+03
8.373184742995281038e-01 5.053012701797734429e-01 3.153357354072863018e+03
-9.050127590766431362e-01 2.711506678546130034e-01 3.261526037439959055e+03
-4.214929850277379653e-01 -3.195817906296800071e-01 1.572132499227643393e+03
-1.010164852810807590e+00 4.388356708154367847e-01 3.475709078613604561e+03
1.217543574976396314e+00 -6.741475824052513000e-01 4.016697816048098048e+03
3.394935156108656593e-01 5.080606460979661398e-02 8.728660694712455097e+02
4.141519798175097300e-01 -5.580573055561502405e-02 1.095021310713303137e+03
3.926960640788465517e-01 -1.708538459073303262e-01 1.149820845542690449e+03
-4.244912278657315130e-01 -2.009980390408927786e-01 1.321965489433766152e+03
5.155382717509782164e-01 2.630278988642841820e-01 1.512166200927898899e+03
-6.543023858241459045e-01 4.205869858927035465e-01 2.170111174587504138e+03
9.285156760525002939e-01 -1.506723518503872428e-01 2.488810079758497523e+03
2.009838280047322734e-01 4.916355118675006658e-02 4.922861037756238147e+02
-2.074174913107488527e-01 -1.082146350688045489e-01 5.346035924085535953e+02
-3.820733219104652245e-01 5.157156788765879935e-02 8.809145834265876829e+02
-9.539193178715961174e-01 -4.250675465141851017e-01 2.345476199814875599e+03
-1.216677647655791228e+00 -6.923748255918219519e-01 3.467621509127394802e+03
-2.013207430016311361e-01 2.249149042243410142e-04 4.394473094401197955e+02
4.691605261843334040e-01 6.375511023871716088e-02 1.022573060645518353e+03
6.856293694182836740e-01 -2.063901721096247643e-01 1.484489366738371700e+03
8.921060152311086622e-01 -1.708908338475300659e-01 2.022439252060324179e+03
-1.075553300143624602e+00 3.029411171492006893e-01 2.471278739364128342e+03
1.511645470552443804e+00 -1.123210916212109278e-01 3.154714039507916823e+03
-1.589607114894187712e+00 2.173939422287941847e-01 3.209305025659061357e+03
-1.137777774736744574e+00 -1.790228672617321937e-01 2.244835836971035860e+03
-2.408397415500311556e-01 -7.471608116323674026e-04 4.244954399499363831e+02
-7.063665761935398191e-01 1.384484000982132701e-01 1.205242426116505612e+03
-7.336506793022127271e-01 2.686291575557622768e-01 1.369975661390611322e+03
-1.482645774555883422e+00 -5.080172263932579702e-01 2.515977905636028481e+03
6.374189306254148812e-01 -1.200510899173155149e-01 9.977129310187494866e+02
-1.013224505575941237e+00 -3.703617197397227057e-02 1.440942351624391677e+03
1.443840641043384831e+00 3.631386508508309685e-01 2.325730359623356890e+03
-2.048987520978185817e+00 -9.834305147628243093e-02 2.960294707305828979e+03
-4.983704792861693988e-01 -7.082142658573559180e-02 6.872274677357037262e+02
6.567834961815712802e-01 -7.612822610189667882e-02 8.865503842800625307e+02
9.472707944561076232e-01 -1.671839890733086420e-01 1.276939684342934925e+03
1.167792012128912704e+00 1.023352084637735165e-01 1.518668703106892053e+03
1.022422865848474915e-01 7.984131815026508303e-03 1.248652405362645652e+02
-2.218458807535638733e-01 1.089379278754102308e-02 2.529066693636278274e+02
-5.226629098482945546e-01 1.058313597251338972e-01 6.087495294087809725e+02
9.151077616953461336e-01 -2.002743515670629693e-01 1.124280438858713524e+03
-1.069728116828007503e+00 2.439825786095658477e-01 1.358862671462625258e+03
-7.085794026602898477e-01 8.688396580537449676e-02 7.439253737465900258e+02
-1.335618668638403062e+00 5.364669058588833472e-02 1.393121266528898786e+03
-2.475574756477640914e+00 4.217476555618306366e-01 2.566880749879810992e+03
5.275363424927390632e-01 -1.136230238575250927e-02 4.977384427806867393e+02
-7.454963514343162512e-01 5.466341296218720121e-03 6.764152478945583198e+02
-1.429300152112927824e+00 -1.845665397279631914e-01 1.320470058657145955e+03
1.822893649878123856e+00 -1.997797004942779009e-01 1.797856194849099211e+03
2.637244296089947149e+00 -1.800477225577563622e-01 2.479013213561142493e+03
3.500857580763579446e-01 4.691424773116509295e-02 2.815347235566243853e+02
5.580860142453797357e-01 -8.427434123728895499e-02 4.462284400225252625e+02
4.552655507728713968e-01 1.292876649998387154e-02 3.004529144471902100e+02
3.930653208647323815e+00 1.661406218420670433e-01 2.643417278365056973e+03
-4.084217869217739438e-01 -5.930210079282502433e-03 2.357470721418313246e+02
-4.561603002518154204e-01 -2.796926777411845241e-02 2.443529882849244643e+02
-9.712830573732110784e-01 1.515673788065802913e-02 4.919150203284747249e+02
1.465742118387252768e+00 7.081789397521079388e-02 6.229369111860823978e+02
3.670419291795746553e+00 -2.219886226425495795e-02 1.523609292645971664e+03
2.020641752475065278e+00 8.125716770775052999e-02 7.393907961055540454e+02
2.669600292141435016e+00 1.576518850693668095e-01 9.784977751020403502e+02
-3.591936113532127717e+00 1.909467047593955136e-01 1.385934903018173600e+03
-2.388279970809929598e+00 1.946700792071601183e-02 7.625124806095617487e+02
-2.403174687537724896e+00 1.163672425779052610e-02 8.106268432139685274e+02
6.002777765268346721e-01 -2.407911653951496853e-02 1.587694688637602667e+02
3.497270958943930752e-02 -2.171938247374385900e-01 1.553552991673147517e+03
3.817472887239269780e-02 -8.944834151731768934e-02 5.562561912998537537e+02
-1.380105157888372736e-01 -5.335711388888282336e-01 3.187421195915663702e+03
8.564764543984985934e-02 5.585999155313403630e-01 3.137407694242524485e+03
1.402029178757316086e-01 -6.889097397129322342e-01 3.554580421704256878e+03
-6.251830050461510968e-01 5.712646818819238081e-01 3.824842524889639662e+03
6.732961148133483897e-01 7.257282521681276410e-01 3.977819933860898345e+03
-7.437452839319469433e-01 -4.332232186530012297e-01 3.362443367508986739e+03
2.850786215369424670e-01 -1.399772566774272475e-01 1.053945820408186819e+03
-3.342961735394678335e-01 -7.373254906849263657e-02 1.168504918046036437e+03
-8.315588925090441341e-01 4.389209820356662628e-01 3.073300677830182849e+03
1.372393072017119575e+00 -4.402840461523601645e-01 4.490434766700227556e+03
9.185782424450371630e-01 -3.289930779205200717e-01 2.745526274091618234e+03
1.217254326998510328e+00 6.966215816508350978e-01 3.680930112061053023e+03
-1.049355109528594898e+00 -6.893165399291252549e-02 2.521389747988584531e+03
-1.554033332793853583e+00 6.929457913315825723e-02 3.289088376525482090e+03
1.517806895661152788e+00 3.123327905246160024e-02 2.773829715360968294e+03
1.559000253451640505e+00 -3.260854497480837888e-01 3.072676483126899711e+03
-1.760836468804636512e+00 6.094140788420211452e-01 3.534300507019895122e+03
-1.507582038419760018e+00 -2.153215742023878443e-01 2.531798236259636269e+03
2.033773825748385278e+00 2.048813663126462237e-01 3.266462887194322775e+03
2.201437154432779764e+00 4.082968051689191413e-01 3.561453075049758354e+03
7.766184292587202664e-01 1.462488175255297618e-01 1.162212517677786309e+03
-1.870299584448092078e+00 -2.117927991858234715e-01 2.759236094154743114e+03
2.806890357470411157e+00 1.855851173071180749e-01 4.385622572489042795e+03
1.711275288446791887e+00 4.201209425602615566e-01 2.350332699209584462e+03
1.358060162724076703e+00 -2.517772084069744287e-01 1.403944759003667741e+03
1.520361627130073945e+00 -1.935422415497159432e-01 1.649301351300677652e+03
-2.653702267594153064e+00 -1.548797912925626852e-01 2.822054581550023158e+03
1.297947911829247847e+00 -5.765365897050838545e-02 1.208824584921957239e+03
-5.051149323140186276e+00 1.547067208750906378e-02 4.181780462258331681e+03
1.173222921753392045e+00 -6.803336718458344312e-02 7.542660164617221881e+02
-2.851274977962880541e+00 1.283247986075388147e-01 1.659909788542476235e+03
-3.436606558741401418e+00 -2.572681750548841406e-01 2.012258665840764479e+03
-3.263609699033390488e+00 -1.624548628888549395e-01 1.550210126076723327e+03
-5.643976236706181204e+00 1.860034427910178811e-01 2.314633502621032221e+03
-4.437228813403437111e-01 -2.793291018815331067e-02 1.550328526796198503e+02
-2.553838746687146166e+00 1.791330431010831059e-01 8.843444399934901412e+02
2.088626879408163717e+00 4.667856888805840820e-02 6.107644657772067376e+02
-2.993986116980469792e+00 9.412732906682513834e-02 8.914532061936633909e+02
6.065306787846255432e+00 -1.927938281172718316e-01 1.823231783933312727e+03
-1.081914017213747670e+01 4.224298993938668256e-01 2.992704273000611465e+03
4.999573984428813851e-03 -7.503720290124221487e-04 4.222065432788690487e+02
-3.209018008940189154e-02 2.059692379034937931e-02 1.859623250209768912e+03
-1.042153163521639114e-01 -2.602574425843285841e-02 1.591604645312690081e+03
1.398615220445555141e-01 2.432456981952453579e-01 3.222416545804402176e+03
7.970293360379791803e-02 2.017666364354263331e-01 2.355082093624905610e+03
-2.392425370746839863e-01 1.611313209211614472e-01 2.674715803770799994e+03
-9.284427308973217108e-02 1.427372400050326284e-01 1.361220711161227882e+03
-2.234624218177049537e-01 -1.628775107338011896e-01 2.272242953775751175e+03
-3.485001440750571944e-01 1.764511323959702949e-01 3.217431488902684578e+03
2.703019161930537203e-03 -9.841026872954757032e-02 6.973104342276300258e+02
-1.690772107964078064e-01 1.091920218021162070e-01 1.475712215160245478e+03
3.082955277886896828e-01 1.439763799907382846e-01 2.539919635573085998e+03
-3.600629652323709962e-02 -1.077315208038563815e-01 7.511542533595307987e+02
4.910984085590155424e-01 3.149977186737481505e-01 3.878463316239622145e+03
1.677405151153938678e-01 1.393868258631054124e-01 1.251646502494778588e+03
3.037963744849265790e-01 -5.422090725866501523e-03 1.710955804554530687e+03
-1.693434889691226575e-01 -3.616335928197814131e-01 2.503200749040635401e+03
9.592478236165574712e-02 -4.324701015536146498e-01 2.790001534647791232e+03
-2.960537670345202502e-02 -3.043487231205830312e-01 1.561422965748843353e+03
2.033948906344688057e-01 -2.381780511301743730e-01 1.642327101928170578e+03
-1.443716920431833139e-01 4.409700607145064510e-01 2.363824267365641390e+03
-4.048302668011273253e-01 3.404861149842922097e-01 2.912798118473578143e+03
-5.824392399197095838e-01 -3.461910790786996150e-01 3.486725706347392588e+03
-3.445371125775372190e-01 1.425177338037248165e-01 1.748587655237178296e+03
-2.614074294666676179e-01 2.787237526794624776e-01 1.815797334744965610e+03
5.166429707327061527e-01 -4.911512172967930079e-01 3.446508282821406283e+03
7.651653909410948140e-01 -2.622076672928313479e-01 3.782184297456411969e+03
-1.571329032074655907e-01 -2.227227840460089259e-01 1.137772395374269990e+03
1.855991236157253643e-01 3.701497330320197565e-01 1.822791754786431511e+03
-4.956678940518395859e-01 -2.328232724773150741e-01 2.207078164137749354e+03
4.655054308307520761e-01 3.238616675090245089e-01 2.330566800290721858e+03
2.477445243021134669e-01 -7.032862909622362990e-02 1.000949092121427498e+03
2.992291240771685623e-01 2.934186468004023607e-01 1.648473566914854018e+03
5.313973188722387331e-01 -1.280153009523982491e-02 2.036504498724781342e+03
-7.362205426176953171e-01 3.497069580437695557e-01 2.971572837609322960e+03
-1.572935023564956680e-01 -6.089031481443746979e-02 5.412805946642585013e+02
-2.168525593056575829e-01 9.313230074825383509e-02 7.792302460284022345e+02
7.373883539583658830e-01 3.903277059962420581e-02 2.518344947625267196e+03
8.373184742995281038e-01 5.053012701797734429e-01 3.153357354072863018e+03
-9.050127590766431362e-01 2.711506678546130034e-01 3.261526037439959055e+03
-4.214929850277379653e-01 -3.195817906296800071e-01 1.572132499227643393e+03
-1.010164852810807590e+00 4.388356708154367847e-01 3.475709078613604561e+03
1.217543574976396314e+00 -6.741475824052513000e-01 4.016697816048098048e+03
3.394935156108656593e-01 5.080606460979661398e-02 8.728660694712455097e+02
4.141519798175097300e-01 -5.580573055561502405e-02 1.095021310713303137e+03
3.926960640788465517e-01 -1.708538459073303262e-01 1.149820845542690449e+03
-4.244912278657315130e-01 -2.009980390408927786e-01 1.321965489433766152e+03
5.155382717509782164e-01 2.630278988642841820e-01 1.512166200927898899e+03
-6.543023858241459045e-01 4.205869858927035465e-01 2.170111174587504138e+03
9.285156760525002939e-01 -1.506723518503872428e-01 2.488810079758497523e+03
2.009838280047322734e-01 4.916355118675006658e-02 4.922861037756238147e+02
-2.074174913107488527e-01 -1.082146350688045489e-01 5.346035924085535953e+02
-3.820733219104652245e-01 5.157156788765879935e-02 8.809145834265876829e+02
-9.539193178715961174e-01 -4.250675465141851017e-01 2.345476199814875599e+03
-1.216677647655791228e+00 -6.923748255918219519e-01 3.467621509127394802e+03
-2.013207430016311361e-01 2.249149042243410142e-04 4.394473094401197955e+02
4.691605261843334040e-01 6.375511023871716088e-02 1.022573060645518353e+03
6.856293694182836740e-01 -2.063901721096247643e-01 1.484489366738371700e+03
8.921060152311086622e-01 -1.708908338475300659e-01 2.022439252060324179e+03
-1.075553300143624602e+00 3.029411171492006893e-01 2.471278739364128342e+03
1.511645470552443804e+00 -1.123210916212109278e-01 3.154714039507916823e+03
-1.589607114894187712e+00 2.173939422287941847e-01 3.209305025659061357e+03
-1.137777774736744574e+00 -1.790228672617321937e-01 2.244835836971035860e+03
-2.408397415500311556e-01 -7.471608116323674026e-04 4.244954399499363831e+02
-7.063665761935398191e-01 1.384484000982132701e-01 1.205242426116505612e+03
-7.336506793022127271e-01 2.686291575557622768e-01 1.369975661390611322e+03
-1.482645774555883422e+00 -5.080172263932579702e-01 2.515977905636028481e+03
6.374189306254148812e-01 -1.200510899173155149e-01 9.977129310187494866e+02
-1.013224505575941237e+00 -3.703617197397227057e-02 1.440942351624391677e+03
1.443840641043384831e+00 3.631386508508309685e-01 2.325730359623356890e+03
-2.048987520978185817e+00 -9.834305147628243093e-02 2.960294707305828979e+03
-4.983704792861693988e-01 -7.082142658573559180e-02 6.872274677357037262e+02
6.567834961815712802e-01 -7.612822610189667882e-02 8.865503842800625307e+02
9.472707944561076232e-01 -1.671839890733086420e-01 1.276939684342934925e+03
1.167792012128912704e+00 1.023352084637735165e-01 1.518668703106892053e+03
1.022422865848474915e-01 7.984131815026508303e-03 1.248652405362645652e+02
-2.218458807535638733e-01 1.089379278754102308e-02 2.529066693636278274e+02
-5.226629098482945546e-01 1.058313597251338972e-01 6.087495294087809725e+02
9.151077616953461336e-01 -2.002743515670629693e-01 1.124280438858713524e+03
-1.069728116828007503e+00 2.439825786095658477e-01 1.358862671462625258e+03
-7.085794026602898477e-01 8.688396580537449676e-02 7.439253737465900258e+02
-1.335618668638403062e+00 5.364669058588833472e-02 1.393121266528898786e+03
-2.475574756477640914e+00 4.217476555618306366e-01 2.566880749879810992e+03
5.275363424927390632e-01 -1.136230238575250927e-02 4.977384427806867393e+02
-7.454963514343162512e-01 5.466341296218720121e-03 6.764152478945583198e+02
-1.429300152112927824e+00 -1.845665397279631914e-01 1.320470058657145955e+03
1.822893649878123856e+00 -1.997797004942779009e-01 1.797856194849099211e+03
2.637244296089947149e+00 -1.800477225577563622e-01 2.479013213561142493e+03
3.500857580763579446e-01 4.691424773116509295e-02 2.815347235566243853e+02
5.580860142453797357e-01 -8.427434123728895499e-02 4.462284400225252625e+02
4.552655507728713968e-01 1.292876649998387154e-02 3.004529144471902100e+02
3.930653208647323815e+00 1.661406218420670433e-01 2.643417278365056973e+03
-4.084217869217739438e-01 -5.930210079282502433e-03 2.357470721418313246e+02
-4.561603002518154204e-01 -2.796926777411845241e-02 2.443529882849244643e+02
-9.712830573732110784e-01 1.515673788065802913e-02 4.919150203284747249e+02
1.465742118387252768e+00 7.081789397521079388e-02 6.229369111860823978e+02
3.670419291795746553e+00 -2.219886226425495795e-02 1.523609292645971664e+03
2.020641752475065278e+00 8.125716770775052999e-02 7.393907961055540454e+02
2.669600292141435016e+00 1.576518850693668095e-01 9.784977751020403502e+02
-3.591936113532127717e+00 1.909467047593955136e-01 1.385934903018173600e+03
-2.388279970809929598e+00 1.946700792071601183e-02 7.625124806095617487e+02
-2.403174687537724896e+00 1.163672425779052610e-02 8.106268432139685274e+02
6.002777765268346721e-01 -2.407911653951496853e-02 1.587694688637602667e+02
3.497270958943930752e-02 -2.171938247374385900e-01 1.553552991673147517e+03
3.817472887239269780e-02 -8.944834151731768934e-02 5.562561912998537537e+02
-1.380105157888372736e-01 -5.335711388888282336e-01 3.187421195915663702e+03
8.564764543984985934e-02 5.585999155313403630e-01 3.137407694242524485e+03
1.402029178757316086e-01 -6.889097397129322342e-01 3.554580421704256878e+03
-6.251830050461510968e-01 5.712646818819238081e-01 3.824842524889639662e+03
6.732961148133483897e-01 7.257282521681276410e-01 3.977819933860898345e+03
-7.437452839319469433e-01 -4.332232186530012297e-01 3.362443367508986739e+03
2.850786215369424670e-01 -1.399772566774272475e-01 1.053945820408186819e+03
-3.342961735394678335e-01 -7.373254906849263657e-02 1.168504918046036437e+03
-8.315588925090441341e-01 4.389209820356662628e-01 3.073300677830182849e+03
1.372393072017119575e+00 -4.402840461523601645e-01 4.490434766700227556e+03
9.185782424450371630e-01 -3.289930779205200717e-01 2.745526274091618234e+03
1.217254326998510328e+00 6.966215816508350978e-01 3.680930112061053023e+03
-1.049355109528594898e+00 -6.893165399291252549e-02 2.521389747988584531e+03
-1.554033332793853583e+00 6.929457913315825723e-02 3.289088376525482090e+03
1.517806895661152788e+00 3.123327905246160024e-02 2.773829715360968294e+03
1.559000253451640505e+00 -3.260854497480837888e-01 3.072676483126899711e+03
-1.760836468804636512e+00 6.094140788420211452e-01 3.534300507019895122e+03
-1.507582038419760018e+00 -2.153215742023878443e-01 2.531798236259636269e+03
2.033773825748385278e+00 2.048813663126462237e-01 3.266462887194322775e+03
2.201437154432779764e+00 4.082968051689191413e-01 3.561453075049758354e+03
7.766184292587202664e-01 1.462488175255297618e-01 1.162212517677786309e+03
-1.870299584448092078e+00 -2.117927991858234715e-01 2.759236094154743114e+03
2.806890357470411157e+00 1.855851173071180749e-01 4.385622572489042795e+03
1.711275288446791887e+00 4.201209425602615566e-01 2.350332699209584462e+03
1.358060162724076703e+00 -2.517772084069744287e-01 1.403944759003667741e+03
1.520361627130073945e+00 -1.935422415497159432e-01 1.649301351300677652e+03
-2.653702267594153064e+00 -1.548797912925626852e-01 2.822054581550023158e+03
1.297947911829247847e+00 -5.765365897050838545e-02 1.208824584921957239e+03
-5.051149323140186276e+00 1.547067208750906378e-02 4.181780462258331681e+03
1.173222921753392045e+00 -6.803336718458344312e-02 7.542660164617221881e+02
-2.851274977962880541e+00 1.283247986075388147e-01 1.659909788542476235e+03
-3.436606558741401418e+00 -2.572681750548841406e-01 2.012258665840764479e+03
-3.263609699033390488e+00 -1.624548628888549395e-01 1.550210126076723327e+03
-5.643976236706181204e+00 1.860034427910178811e-01 2.314633502621032221e+03
-4.437228813403437111e-01 -2.793291018815331067e-02 1.550328526796198503e+02
-2.553838746687146166e+00 1.791330431010831059e-01 8.843444399934901412e+02
2.088626879408163717e+00 4.667856888805840820e-02 6.107644657772067376e+02
-2.993986116980469792e+00 9.412732906682513834e-02 8.914532061936633909e+02
6.065306787846255432e+00 -1.927938281172718316e-01 1.823231783933312727e+03
-1.081914017213747670e+01 4.224298993938668256e-01 2.992704273000611465e+03
4.999573984428813851e-03 -7.503720290124221487e-04 4.222065432788690487e+02
-3.209018008940189154e-02 2.059692379034937931e-02 1.859623250209768912e+03
-1.042153163521639114e-01 -2.602574425843285841e-02 1.591604645312690081e+03
1.398615220445555141e-01 2.432456981952453579e-01 3.222416545804402176e+03
7.970293360379791803e-02 2.017666364354263331e-01 2.355082093624905610e+03
-2.392425370746839863e-01 1.611313209211614472e-01 2.674715803770799994e+03
-9.284427308973217108e-02 1.427372400050326284e-01 1.361220711161227882e+03
-2.234624218177049537e-01 -1.628775107338011896e-01 2.272242953775751175e+03
-3.485001440750571944e-01 1.764511323959702949e-01 3.217431488902684578e+03
2.703019161930537203e-03 -9.841026872954757032e-02 6.973104342276300258e+02
-1.690772107964078064e-01 1.091920218021162070e-01 1.475712215160245478e+03
3.082955277886896828e-01 1.439763799907382846e-01 2.539919635573085998e+03
-3.600629652323709962e-02 -1.077315208038563815e-01 7.511542533595307987e+02
4.910984085590155424e-01 3.149977186737481505e-01 3.878463316239622145e+03
1.677405151153938678e-01 1.393868258631054124e-01 1.251646502494778588e+03
3.037963744849265790e-01 -5.422090725866501523e-03 1.710955804554530687e+03
-1.693434889691226575e-01 -3.616335928197814131e-01 2.503200749040635401e+03
9.592478236165574712e-02 -4.324701015536146498e-01 2.790001534647791232e+03
-2.960537670345202502e-02 -3.043487231205830312e-01 1.561422965748843353e+03
2.033948906344688057e-01 -2.381780511301743730e-01 1.642327101928170578e+03
-1.443716920431833139e-01 4.409700607145064510e-01 2.363824267365641390e+03
-4.048302668011273253e-01 3.404861149842922097e-01 2.912798118473578143e+03
-5.824392399197095838e-01 -3.461910790786996150e-01 3.486725706347392588e+03
-3.445371125775372190e-01 1.425177338037248165e-01 1.748587655237178296e+03
-2.614074294666676179e-01 2.787237526794624776e-01 1.815797334744965610e+03
5.166429707327061527e-01 -4.911512172967930079e-01 3.446508282821406283e+03
7.651653909410948140e-01 -2.622076672928313479e-01 3.782184297456411969e+03
-1.571329032074655907e-01 -2.227227840460089259e-01 1.137772395374269990e+03
1.855991236157253643e-01 3.701497330320197565e-01 1.822791754786431511e+03
-4.956678940518395859e-01 -2.328232724773150741e-01 2.207078164137749354e+03
4.655054308307520761e-01 3.238616675090245089e-01 2.330566800290721858e+03
2.477445243021134669e-01 -7.032862909622362990e-02 1.000949092121427498e+03
2.992291240771685623e-01 2.934186468004023607e-01 1.648473566914854018e+03
5.313973188722387331e-01 -1.280153009523982491e-02 2.036504498724781342e+03
-7.362205426176953171e-01 3.497069580437695557e-01 2.971572837609322960e+03
-1.572935023564956680e-01 -6.089031481443746979e-02 5.412805946642585013e+02
-2.168525593056575829e-01 9.313230074825383509e-02 7.792302460284022345e+02
7.373883539583658830e-01 3.903277059962420581e-02 2.518344947625267196e+03
8.373184742995281038e-01 5.053012701797734429e-01 3.153357354072863018e+03
-9.050127590766431362e-01 2.711506678546130034e-01 3.261526037439959055e+03
-4.214929850277379653e-01 -3.195817906296800071e-01 1.572132499227643393e+03
-1.010164852810807590e+00 4.388356708154367847e-01 3.475709078613604561e+03
1.217543574976396314e+00 -6.741475824052513000e-01 4.016697816048098048e+03
3.394935156108656593e-01 5.080606460979661398e-02 8.728660694712455097e+02
4.141519798175097300e-01 -5.580573055561502405e-02 1.095021310713303137e+03
3.926960640788465517e-01 -1.708538459073303262e-01 1.149820845542690449e+03
-4.244912278657315130e-01 -2.009980390408927786e-01 1.321965489433766152e+03
5.155382717509782164e-01 2.630278988642841820e-01 1.512166200927898899e+03
-6.543023858241459045e-01 4.205869858927035465e-01 2.170111174587504138e+03
9.285156760525002939e-01 -1.506723518503872428e-01 2.488810079758497523e+03
2.009838280047322734e-01 4.916355118675006658e-02 4.922861037756238147e+02
-2.074174913107488527e-01 -1.082146350688045489e-01 5.346035924085535953e+02
-3.820733219104652245e-01 5.157156788765879935e-02 8.809145834265876829e+02
-9.539193178715961174e-01 -4.250675465141851017e-01 2.345476199814875599e+03
-1.216677647655791228e+00 -6.923748255918219519e-01 3.467621509127394802e+03
-2.013207430016311361e-01 2.249149042243410142e-04 4.394473094401197955e+02
4.691605261843334040e-01 6.375511023871716088e-02 1.022573060645518353e+03
6.856293694182836740e-01 -2.063901721096247643e-01 1.484489366738371700e+03
8.921060152311086622e-01 -1.708908338475300659e-01 2.022439252060324179e+03
-1.075553300143624602e+00 3.029411171492006893e-01 2.471278739364128342e+03
1.511645470552443804e+00 -1.123210916212109278e-01 3.154714039507916823e+03
-1.589607114894187712e+00 2.173939422287941847e-01 3.209305025659061357e+03
-1.137777774736744574e+00 -1.790228672617321937e-01 2.244835836971035860e+03
-2.408397415500311556e-01 -7.471608116323674026e-04 4.244954399499363831e+02
-7.063665761935398191e-01 1.384484000982132701e-01 1.205242426116505612e+03
-7.336506793022127271e-01 2.686291575557622768e-01 1.369975661390611322e+03
-1.482645774555883422e+00 -5.080172263932579702e-01 2.515977905636028481e+03
6.374189306254148812e-01 -1.200510899173155149e-01 9.977129310187494866e+02
-1.013224505575941237e+00 -3.703617197397227057e-02 1.440942351624391677e+03
1.443840641043384831e+00 3.631386508508309685e-01 2.325730359623356890e+03
-2.048987520978185817e+00 -9.834305147628243093e-02 2.960294707305828979e+03
-4.983704792861693988e-01 -7.082142658573559180e-02 6.872274677357037262e+02
6.567834961815712802e-01 -7.612822610189667882e-02 8.865503842800625307e+02
9.472707944561076232e-01 -1.671839890733086420e-01 1.276939684342934925e+03
1.167792012128912704e+00 1.023352084637735165e-01 1.518668703106892053e+03
1.022422865848474915e-01 7.984131815026508303e-03 1.248652405362645652e+02
-2.218458807535638733e-01 1.089379278754102308e-02 2.529066693636278274e+02
-5.226629098482945546e-01 1.058313597251338972e-01 6.087495294087809725e+02
9.151077616953461336e-01 -2.002743515670629693e-01 1.124280438858713524e+03
-1.069728116828007503e+00 2.439825786095658477e-01 1.358862671462625258e+03
-7.085794026602898477e-01 8.688396580537449676e-02 7.439253737465900258e+02
-1.335618668638403062e+00 5.364669058588833472e-02 1.393121266528898786e+03
-2.475574756477640914e+00 4.217476555618306366e-01 2.566880749879810992e+03
5.275363424927390632e-01 -1.136230238575250927e-02 4.977384427806867393e+02
-7.454963514343162512e-01 5.466341296218720121e-03 6.764152478945583198e+02
-1.429300152112927824e+00 -1.845665397279631914e-01 1.320470058657145955e+03
1.822893649878123856e+00 -1.997797004942779009e-01 1.797856194849099211e+03
2.637244296089947149e+00 -1.800477225577563622e-01 2.479013213561142493e+03
3.500857580763579446e-01 4.691424773116509295e-02 2.815347235566243853e+02
5.580860142453797357e-01 -8.427434123728895499e-02 4.462284400225252625e+02
4.552655507728713968e-01 1.292876649998387154e-02 3.004529144471902100e+02
3.930653208647323815e+00 1.661406218420670433e-01 2.643417278365056973e+03
-4.084217869217739438e-01 -5.930210079282502433e-03 2.357470721418313246e+02
-4.561603002518154204e-01 -2.796926777411845241e-02 2.443529882849244643e+02
-9.712830573732110784e-01 1.515673788065802913e-02 4.919150203284747249e+02
1.465742118387252768e+00 7.081789397521079388e-02 6.229369111860823978e+02
3.670419291795746553e+00 -2.219886226425495795e-02 1.523609292645971664e+03
2.020641752475065278e+00 8.125716770775052999e-02 7.393907961055540454e+02
2.669600292141435016e+00 1.576518850693668095e-01 9.784977751020403502e+02
-3.591936113532127717e+00 1.909467047593955136e-01 1.385934903018173600e+03
-2.388279970809929598e+00 1.946700792071601183e-02 7.625124806095617487e+02
-2.403174687537724896e+00 1.163672425779052610e-02 8.106268432139685274e+02
6.002777765268346721e-01 -2.407911653951496853e-02 1.587694688637602667e+02
3.497270958943930752e-02 -2.171938247374385900e-01 1.553552991673147517e+03
3.817472887239269780e-02 -8.944834151731768934e-02 5.562561912998537537e+02
-1.380105157888372736e-01 -5.335711388888282336e-01 3.187421195915663702e+03
8.564764543984985934e-02 5.585999155313403630e-01 3.137407694242524485e+03
1.402029178757316086e-01 -6.889097397129322342e-01 3.554580421704256878e+03
-6.251830050461510968e-01 5.712646818819238081e-01 3.824842524889639662e+03
6.732961148133483897e-01 7.257282521681276410e-01 3.977819933860898345e+03
-7.437452839319469433e-01 -4.332232186530012297e-01 3.362443367508986739e+03
2.850786215369424670e-01 -1.399772566774272475e-01 1.053945820408186819e+03
-3.342961735394678335e-01 -7.373254906849263657e-02 1.168504918046036437e+03
-8.315588925090441341e-01 4.389209820356662628e-01 3.073300677830182849e+03
1.372393072017119575e+00 -4.402840461523601645e-01 4.490434766700227556e+03
9.185782424450371630e-01 -3.289930779205200717e-01 2.745526274091618234e+03
1.217254326998510328e+00 6.966215816508350978e-01 3.680930112061053023e+03
-1.049355109528594898e+00 -6.893165399291252549e-02 2.521389747988584531e+03
-1.554033332793853583e+00 6.929457913315825723e-02 3.289088376525482090e+03
1.517806895661152788e+00 3.123327905246160024e-02 2.773829715360968294e+03
1.559000253451640505e+00 -3.260854497480837888e-01 3.072676483126899711e+03
-1.760836468804636512e+00 6.094140788420211452e-01 3.534300507019895122e+03
-1.507582038419760018e+00 -2.153215742023878443e-01 2.531798236259636269e+03
2.033773825748385278e+00 2.048813663126462237e-01 3.266462887194322775e+03
2.201437154432779764e+00 4.082968051689191413e-01 3.561453075049758354e+03
7.766184292587202664e-01 1.462488175255297618e-01 1.162212517677786309e+03
-1.870299584448092078e+00 -2.117927991858234715e-01 2.759236094154743114e+03
2.806890357470411157e+00 1.855851173071180749e-01 4.385622572489042795e+03
1.711275288446791887e+00 4.201209425602615566e-01 2.350332699209584462e+03
1.358060162724076703e+00 -2.517772084069744287e-01 1.403944759003667741e+03
1.520361627130073945e+00 -1.935422415497159432e-01 1.649301351300677652e+03
-2.653702267594153064e+00 -1.548797912925626852e-01 2.822054581550023158e+03
1.297947911829247847e+00 -5.765365897050838545e-02 1.208824584921957239e+03
-5.051149323140186276e+00 1.547067208750906378e-02 4.181780462258331681e+03
1.173222921753392045e+00 -6.803336718458344312e-02 7.542660164617221881e+02
-2.851274977962880541e+00 1.283247986075388147e-01 1.659909788542476235e+03
-3.436606558741401418e+00 -2.572681750548841406e-01 2.012258665840764479e+03
-3.263609699033390488e+00 -1.624548628888549395e-01 1.550210126076723327e+03
-5.643976236706181204e+00 1.860034427910178811e-01 2.314633502621032221e+03
-4.437228813403437111e-01 -2.793291018815331067e-02 1.550328526796198503e+02
-2.553838746687146166e+00 1.791330431010831059e-01 8.843444399934901412e+02
2.088626879408163717e+00 4.667856888805840820e-02 6.107644657772067376e+02
-2.993986116980469792e+00 9.412732906682513834e-02 8.914532061936633909e+02
6.065306787846255432e+00 -1.927938281172718316e-01 1.823231783933312727e+03
-1.081914017213747670e+01 4.224298993938668256e-01 2.992704273000611465e+03
